{
 "cells": [
  {
   "cell_type": "markdown",
   "metadata": {},
   "source": [
    "# Python Analysis Project"
   ]
  },
  {
   "cell_type": "code",
   "execution_count": 1022,
   "metadata": {},
   "outputs": [],
   "source": [
    "import pandas as pd\n",
    "import numpy as np\n",
    "import matplotlib.pyplot as plt\n",
    "import seaborn as sns\n",
    "import plotly.express as px\n",
    "import plotly.figure_factory as ff"
   ]
  },
  {
   "cell_type": "markdown",
   "metadata": {},
   "source": [
    "## ***Reading In and Organizing Data:***"
   ]
  },
  {
   "cell_type": "code",
   "execution_count": 880,
   "metadata": {},
   "outputs": [],
   "source": [
    "advanced_stats = pd.read_csv('./Baseball Data/Fangraphs Leaderboard (Advanced).csv')\n",
    "standard_stats = pd.read_csv('./Baseball Data/FanGraphs Leaderboard (Standard).csv')\n",
    "pitch_arsenal = pd.read_csv('./Baseball Data/Pitch_Arsenal_2017-2021.csv') \n",
    "#####################################################################################################################\n",
    "\n",
    "# pitch_info_hm = pd.read_csv('./Baseball Data/FanGraphs Leaderboard (Pitch Info H-Movement).csv')\n",
    "# pitch_info_pd = pd.read_csv('./Baseball Data/FanGraphs Leaderboard (Pitch Info Plate Discipline).csv')\n",
    "# pitch_info_velo = pd.read_csv('./Baseball Data/FanGraphs Leaderboard (Pitch Info Velo).csv')\n",
    "# pitch_info_vm = pd.read_csv('./Baseball Data/FanGraphs Leaderboard(Pitch Info Vertical Movement).csv')\n",
    "# pitch_type = pd.read_csv('./Baseball Data/FanGraphs Leaderboard (Pitch Info Pitch Type).csv')\n",
    "\n",
    "######################################################################################################################\n",
    "\n",
    "#batted_ball = pd.read_csv('./Baseball Data/FanGraphs Leaderboard Batted Ball Stats.csv')"
   ]
  },
  {
   "cell_type": "code",
   "execution_count": 881,
   "metadata": {},
   "outputs": [],
   "source": [
    "pd.set_option('display.max_columns', None)"
   ]
  },
  {
   "cell_type": "code",
   "execution_count": 1043,
   "metadata": {},
   "outputs": [],
   "source": [
    "pd.set_option('display.max_rows', None)"
   ]
  },
  {
   "cell_type": "code",
   "execution_count": 882,
   "metadata": {},
   "outputs": [],
   "source": [
    "#standard_stats"
   ]
  },
  {
   "cell_type": "code",
   "execution_count": 888,
   "metadata": {},
   "outputs": [
    {
     "data": {
      "text/plain": [
       "['Jacob deGrom', 'Chris Sale', 'Max Scherzer', 'Luis Severino', 'Shane Bieber']"
      ]
     },
     "execution_count": 888,
     "metadata": {},
     "output_type": "execute_result"
    }
   ],
   "source": [
    "list(advanced_stats['Name'].head())"
   ]
  },
  {
   "cell_type": "markdown",
   "metadata": {},
   "source": [
    "- **Merging Advanced and Standard Stats**"
   ]
  },
  {
   "cell_type": "code",
   "execution_count": 884,
   "metadata": {},
   "outputs": [],
   "source": [
    "standard_stats = standard_stats.drop('Team',axis = 1)"
   ]
  },
  {
   "cell_type": "code",
   "execution_count": 887,
   "metadata": {},
   "outputs": [
    {
     "data": {
      "text/plain": [
       "['Jacob deGrom',\n",
       " 'Walker Buehler',\n",
       " 'Clayton Kershaw',\n",
       " 'Max Scherzer',\n",
       " 'Justin Verlander']"
      ]
     },
     "execution_count": 887,
     "metadata": {},
     "output_type": "execute_result"
    }
   ],
   "source": [
    "list(standard_stats['Name'].head())"
   ]
  },
  {
   "cell_type": "code",
   "execution_count": 891,
   "metadata": {},
   "outputs": [],
   "source": [
    "std_adv = pd.merge(standard_stats,advanced_stats, on = [\"Name\",\"playerid\",\"ERA\"])\n",
    "#std_adv"
   ]
  },
  {
   "cell_type": "code",
   "execution_count": 892,
   "metadata": {},
   "outputs": [],
   "source": [
    "std_adv = std_adv.drop('Team',axis = 1)"
   ]
  },
  {
   "cell_type": "code",
   "execution_count": 893,
   "metadata": {},
   "outputs": [],
   "source": [
    "first_column = std_adv.pop('playerid')\n",
    "std_adv.insert(0, 'playerid', first_column)"
   ]
  },
  {
   "cell_type": "code",
   "execution_count": 894,
   "metadata": {},
   "outputs": [],
   "source": [
    "#std_adv = std_adv.dropna(axis=1, how='all', thresh=None, subset=None)"
   ]
  },
  {
   "cell_type": "code",
   "execution_count": 1023,
   "metadata": {},
   "outputs": [],
   "source": [
    "#std_adv"
   ]
  },
  {
   "cell_type": "markdown",
   "metadata": {},
   "source": [
    "**Savant pitch keys**"
   ]
  },
  {
   "cell_type": "markdown",
   "metadata": {},
   "source": [
    "- ff = 4 seam\n",
    "- sl = slider\n",
    "- ch = changeup\n",
    "- cu = curveball\n",
    "- si = sinker\n",
    "- fc = cut fastball\n",
    "- fs = split fastball\n",
    "- kn = knuckleball"
   ]
  },
  {
   "cell_type": "markdown",
   "metadata": {},
   "source": [
    "**Fangraphs Pitch Keys**"
   ]
  },
  {
   "cell_type": "markdown",
   "metadata": {},
   "source": [
    "- FA = fourseam or unclassified fastballs\n",
    "- FT = two seam fastball\n",
    "- FC = cut fastball\n",
    "- FS = split fastball\n",
    "- FO = forkball\n",
    "- SI = sinker\n",
    "- SL = slider\n",
    "- CU = curveball\n",
    "- KC = knuckle curve\n",
    "- EP = Ephes\n",
    "- CH = changeup\n",
    "- SC = screwball\n",
    "- KN = knuckleball\n",
    "- UN = unknowns"
   ]
  },
  {
   "cell_type": "markdown",
   "metadata": {},
   "source": [
    "**Statcast Pitch Arsenal Data 2017-2021 from Baseball Savant**"
   ]
  },
  {
   "cell_type": "code",
   "execution_count": 854,
   "metadata": {},
   "outputs": [],
   "source": [
    "pitch_arsenal = pd.read_csv('./Baseball Data/Pitch_Arsenal_2017-2021.csv') "
   ]
  },
  {
   "cell_type": "code",
   "execution_count": 855,
   "metadata": {},
   "outputs": [],
   "source": [
    "pitch_arsenal['Name'] = [f'{first.strip()} {last.strip()}' for first,last in \n",
    "                         zip(pitch_arsenal[list(pitch_arsenal.columns)[1]],pitch_arsenal[list(pitch_arsenal.columns)[0]])]"
   ]
  },
  {
   "cell_type": "code",
   "execution_count": 856,
   "metadata": {},
   "outputs": [],
   "source": [
    "first_column = pitch_arsenal.pop('Name')\n",
    "pitch_arsenal.insert(0, 'Name', first_column)"
   ]
  },
  {
   "cell_type": "code",
   "execution_count": 857,
   "metadata": {},
   "outputs": [],
   "source": [
    "cols = [c.strip() for c in list(pitch_arsenal.columns)]\n",
    "pitch_arsenal.columns = cols"
   ]
  },
  {
   "cell_type": "code",
   "execution_count": 858,
   "metadata": {},
   "outputs": [],
   "source": [
    "agg_counts = pitch_arsenal[['Name','out_zone','pitch_count_offspeed','pitch_count_fastball',\n",
    "                            'pitch_count_breaking','pitch_count','in_zone',\n",
    "                           'batted_ball','groundballs','flyballs','linedrives',\n",
    "                           'pitch_hand','n']].groupby(by = 'Name')\\\n",
    "                            .sum().sort_values(by = 'pitch_count',ascending = False)\n",
    "agg_counts = agg_counts.reset_index()"
   ]
  },
  {
   "cell_type": "code",
   "execution_count": 859,
   "metadata": {},
   "outputs": [],
   "source": [
    "sums = ['out_zone','pitch_count_offspeed','pitch_count_fastball',\n",
    "                            'pitch_count_breaking','pitch_count','in_zone',\n",
    "                           'batted_ball','groundballs','flyballs','linedrives',\n",
    "                           'pitch_hand','n']"
   ]
  },
  {
   "cell_type": "code",
   "execution_count": 860,
   "metadata": {},
   "outputs": [],
   "source": [
    "pitch_arsenal_ave = pitch_arsenal.drop(sums, axis = 1).groupby(by = 'Name').mean()"
   ]
  },
  {
   "cell_type": "code",
   "execution_count": 861,
   "metadata": {},
   "outputs": [],
   "source": [
    "agg_pitch_arsenal = pd.merge(agg_counts,pitch_arsenal_ave, on = ['Name'])\n",
    "#agg_pitch_arsenal.rename(columns = {'p_total_pa':'total_batters_faced'}, inplace = True)"
   ]
  },
  {
   "cell_type": "markdown",
   "metadata": {},
   "source": [
    "## ***Visualizing Data:***"
   ]
  },
  {
   "cell_type": "markdown",
   "metadata": {},
   "source": [
    "- **Correlations**"
   ]
  },
  {
   "cell_type": "code",
   "execution_count": 897,
   "metadata": {},
   "outputs": [],
   "source": [
    "std_adv_corr = pd.DataFrame(std_adv.drop(['SV','HLD','BS'],axis = 1).corr())\n",
    "#std_adv_corr = pd.DataFrame(std_adv.corr()).dropna(how = 'all')"
   ]
  },
  {
   "cell_type": "code",
   "execution_count": 898,
   "metadata": {},
   "outputs": [
    {
     "data": {
      "application/vnd.plotly.v1+json": {
       "config": {
        "plotlyServerURL": "https://plot.ly"
       },
       "data": [
        {
         "coloraxis": "coloraxis",
         "hovertemplate": "x: %{x}<br>y: %{y}<br>color: %{z}<extra></extra>",
         "name": "0",
         "type": "heatmap",
         "x": [
          "playerid",
          "W",
          "L",
          "ERA",
          "G",
          "GS",
          "CG",
          "ShO",
          "IP",
          "TBF",
          "H",
          "R",
          "ER",
          "HR",
          "BB",
          "IBB",
          "HBP",
          "WP",
          "BK",
          "SO",
          "K/9",
          "BB/9",
          "K/BB",
          "HR/9",
          "K%",
          "BB%",
          "K-BB%",
          "AVG",
          "WHIP",
          "BABIP",
          "LOB%",
          "ERA-",
          "FIP-",
          "xFIP-",
          "FIP",
          "E-F",
          "xFIP",
          "SIERA"
         ],
         "xaxis": "x",
         "y": [
          "playerid",
          "W",
          "L",
          "ERA",
          "G",
          "GS",
          "CG",
          "ShO",
          "IP",
          "TBF",
          "H",
          "R",
          "ER",
          "HR",
          "BB",
          "IBB",
          "HBP",
          "WP",
          "BK",
          "SO",
          "K/9",
          "BB/9",
          "K/BB",
          "HR/9",
          "K%",
          "BB%",
          "K-BB%",
          "AVG",
          "WHIP",
          "BABIP",
          "LOB%",
          "ERA-",
          "FIP-",
          "xFIP-",
          "FIP",
          "E-F",
          "xFIP",
          "SIERA"
         ],
         "yaxis": "y",
         "z": [
          [
           1,
           -0.14587997115702567,
           -0.08753602892554195,
           -0.08007221305078065,
           -0.14133991946800123,
           -0.14133991946800123,
           -0.04034586079951773,
           0.12962662628007526,
           -0.14025420097982289,
           -0.1508434949918059,
           -0.19124344540643443,
           -0.1757057965529663,
           -0.17080914228169905,
           -0.2203854588811854,
           -0.062451422625889055,
           -0.08697825444761019,
           -0.11764256003920828,
           0.01817987879208718,
           0.047259379048930794,
           -0.027026323763867058,
           0.18134211093685007,
           0.06672931767136606,
           0.016419948397807967,
           -0.18956766475800796,
           0.169898857636446,
           0.08619172337301269,
           0.1273845088661735,
           -0.13299437956304433,
           -0.07140074363133782,
           0.05083013901813347,
           -0.05465589211341626,
           -0.07014458231959408,
           -0.1936382034400571,
           -0.17752017931354747,
           -0.1875090368337431,
           0.16396321776742057,
           -0.18875524246677133,
           -0.1382345681144463
          ],
          [
           -0.14587997115702567,
           1,
           0.22709136012373596,
           -0.5832027690629038,
           0.8348324480157335,
           0.8348324480157335,
           0.5013725702988718,
           0.3622160879587886,
           0.8864926442439542,
           0.8568769890661672,
           0.7154126775038676,
           0.5113729149601591,
           0.5092681174481231,
           0.5643411481017133,
           0.5214329782351412,
           0.07436538485338845,
           0.29956730129030756,
           0.3102355283622647,
           0.010282204843851934,
           0.8382277716563491,
           0.3766099331300229,
           -0.3457293803771754,
           0.4797758239076301,
           -0.32380161958998094,
           0.42824299569429347,
           -0.29471715731932224,
           0.48657178862008366,
           -0.4212465544804998,
           -0.5291997320014372,
           -0.1671890102929435,
           0.5565276477105557,
           -0.6281740633200644,
           -0.5535683770030028,
           -0.5287551814262293,
           -0.5284397224465222,
           -0.21260972334385497,
           -0.51838070330688,
           -0.5118632898958954
          ],
          [
           -0.08753602892554195,
           0.22709136012373596,
           1,
           0.37729391981301935,
           0.6328056634713048,
           0.6328056634713048,
           0.14885675766568635,
           0.05496013751602794,
           0.5598858053274176,
           0.6249297978420938,
           0.7385616931691922,
           0.8647997158721311,
           0.8557925698183214,
           0.6737609926470809,
           0.5729264249442483,
           0.30938570994273074,
           0.34221412696972536,
           0.20632495659122688,
           0.2425846048881731,
           0.2709836485466774,
           -0.2785054812187631,
           0.09306267554642807,
           -0.2617287415596961,
           0.2641320766397099,
           -0.2978470434405243,
           0.058538600675500436,
           -0.2946059527019348,
           0.34168720593355656,
           0.32316439453286017,
           0.16195248513040936,
           -0.3490113432073856,
           0.3309848578730286,
           0.3022935432485799,
           0.2844410623347012,
           0.33846553480611086,
           0.14354842995820277,
           0.28400899817886655,
           0.2887586770749042
          ],
          [
           -0.08007221305078065,
           -0.5832027690629038,
           0.37729391981301935,
           1,
           -0.2621085445875544,
           -0.2621085445875544,
           -0.38217551561885216,
           -0.33805368127353874,
           -0.3947508673290238,
           -0.3077572302922998,
           -0.044578461470977285,
           0.260427272306165,
           0.28074105799566,
           0.10666365207760438,
           -0.05381724292124178,
           0.03295337131475707,
           -0.06564089060756848,
           -0.09675363533660558,
           0.1439786936262992,
           -0.5648774275273084,
           -0.5563666267990762,
           0.3867983928907238,
           -0.643851870742039,
           0.6917096185976799,
           -0.6351518909957673,
           0.2973294601796168,
           -0.6779022991735455,
           0.7973268435541996,
           0.8555870325794548,
           0.45031419407099577,
           -0.8170258617945083,
           0.9698433974452253,
           0.8265972153321997,
           0.7311923082828866,
           0.8495976644520021,
           0.4600770067602048,
           0.7313479710116919,
           0.7138122270715651
          ],
          [
           -0.14133991946800123,
           0.8348324480157335,
           0.6328056634713048,
           -0.2621085445875544,
           1,
           1,
           0.3390228048700943,
           0.21090327809057785,
           0.9682381803070436,
           0.9803766032094842,
           0.9111346123115441,
           0.8284255849925102,
           0.8256513828793706,
           0.7954129793373784,
           0.7580462211592165,
           0.22982660326064328,
           0.4028384618331761,
           0.3253341850345199,
           0.12582379946473018,
           0.7972366170517489,
           0.17874979387332016,
           -0.1402928163719364,
           0.18822544708036174,
           -0.08214603802338881,
           0.20258017550095628,
           -0.11275072663242575,
           0.22119938566015598,
           -0.19035411542492034,
           -0.23341612384653374,
           -0.0953588825444742,
           0.2975186708179663,
           -0.3089947168276706,
           -0.23687056303424237,
           -0.23254330632139042,
           -0.20572006813338795,
           -0.14860526360649126,
           -0.23143457904134085,
           -0.23149297302011307
          ],
          [
           -0.14133991946800123,
           0.8348324480157335,
           0.6328056634713048,
           -0.2621085445875544,
           1,
           1,
           0.3390228048700943,
           0.21090327809057785,
           0.9682381803070436,
           0.9803766032094842,
           0.9111346123115441,
           0.8284255849925102,
           0.8256513828793706,
           0.7954129793373784,
           0.7580462211592165,
           0.22982660326064328,
           0.4028384618331761,
           0.3253341850345199,
           0.12582379946473018,
           0.7972366170517489,
           0.17874979387332016,
           -0.1402928163719364,
           0.18822544708036174,
           -0.08214603802338881,
           0.20258017550095628,
           -0.11275072663242575,
           0.22119938566015598,
           -0.19035411542492034,
           -0.23341612384653374,
           -0.0953588825444742,
           0.2975186708179663,
           -0.3089947168276706,
           -0.23687056303424237,
           -0.23254330632139042,
           -0.20572006813338795,
           -0.14860526360649126,
           -0.23143457904134085,
           -0.23149297302011307
          ],
          [
           -0.04034586079951773,
           0.5013725702988718,
           0.14885675766568635,
           -0.38217551561885216,
           0.3390228048700943,
           0.3390228048700943,
           1,
           0.7765352950328918,
           0.4739488640295812,
           0.43545291939084685,
           0.3505548504363648,
           0.21623340522672913,
           0.21239329395335088,
           0.2812132893816336,
           0.0819800167300813,
           0.0619912245742521,
           0.18741435489897754,
           0.10880069137305108,
           -0.0686133972905653,
           0.48877881251008437,
           0.2426941218742391,
           -0.41779424454663533,
           0.4786731136253015,
           -0.214607540073026,
           0.29649538581860585,
           -0.38723881258765874,
           0.3943442112487126,
           -0.27566517032978993,
           -0.44649491897276433,
           -0.10857916530899454,
           0.2757993776256472,
           -0.3984510756631982,
           -0.4239257350401916,
           -0.3969242789594341,
           -0.40739627238260845,
           -0.03613151684132596,
           -0.3871635992110531,
           -0.4171609589006795
          ],
          [
           0.12962662628007526,
           0.3622160879587886,
           0.05496013751602794,
           -0.33805368127353874,
           0.21090327809057785,
           0.21090327809057785,
           0.7765352950328918,
           1,
           0.3232877912707277,
           0.28867947241814795,
           0.20575141387740636,
           0.09884186376103679,
           0.10123146542859254,
           0.197649991849094,
           0.04353644301171008,
           0.041177867351877485,
           0.06939359169119275,
           0.0771052669737051,
           -0.1936374964817368,
           0.36721901613459507,
           0.23036138403981626,
           -0.32482777279937,
           0.3959560554362428,
           -0.1540422853838292,
           0.271323211120677,
           -0.29321705019708805,
           0.34209560153610824,
           -0.2685119206337974,
           -0.39226870954286086,
           -0.14020339722079675,
           0.27169552212191156,
           -0.3341918008052772,
           -0.34275205983668944,
           -0.334598245091049,
           -0.3351077285261847,
           -0.07504761328482551,
           -0.32672737415389597,
           -0.3493365847388108
          ],
          [
           -0.14025420097982289,
           0.8864926442439542,
           0.5598858053274176,
           -0.3947508673290238,
           0.9682381803070436,
           0.9682381803070436,
           0.4739488640295812,
           0.3232877912707277,
           1,
           0.9934807789477907,
           0.8925763922242549,
           0.7585259285406526,
           0.7537815982343097,
           0.7547275874200867,
           0.6769501054182487,
           0.2065987749940039,
           0.40023678811572033,
           0.32587944273681124,
           0.09570723158968687,
           0.8650516498911237,
           0.2531670702615416,
           -0.2685347900487425,
           0.34268436042345657,
           -0.17549352498015922,
           0.2941661641483108,
           -0.2323606151049937,
           0.34300766347489353,
           -0.29191740984252207,
           -0.38290210211841014,
           -0.14600242615587902,
           0.38157989754528937,
           -0.4401137182646221,
           -0.3757862194154636,
           -0.3582419739873197,
           -0.3456694837318947,
           -0.1636861211384142,
           -0.3541621715013521,
           -0.3597460465527377
          ],
          [
           -0.1508434949918059,
           0.8568769890661672,
           0.6249297978420938,
           -0.3077572302922998,
           0.9803766032094842,
           0.9803766032094842,
           0.43545291939084685,
           0.28867947241814795,
           0.9934807789477907,
           1,
           0.9282222455744861,
           0.8200293852809674,
           0.8140950745502573,
           0.7808097532984011,
           0.719870570333477,
           0.22897050371198868,
           0.4209935287930736,
           0.3295099667275736,
           0.11526891621885624,
           0.8256282818769961,
           0.18906235632653362,
           -0.21049428443480486,
           0.2562071962741986,
           -0.13155433666361005,
           0.22029468043168485,
           -0.18330822119888882,
           0.2595166654348017,
           -0.20573107161859394,
           -0.28283391647608885,
           -0.08805679591362198,
           0.30965036203338225,
           -0.3597725858920393,
           -0.29741544670255016,
           -0.2820246656510744,
           -0.2635097255778879,
           -0.1374532746839803,
           -0.277865301411233,
           -0.2772008282432881
          ],
          [
           -0.19124344540643443,
           0.7154126775038676,
           0.7385616931691922,
           -0.044578461470977285,
           0.9111346123115441,
           0.9111346123115441,
           0.3505548504363648,
           0.20575141387740636,
           0.8925763922242549,
           0.9282222455744861,
           1,
           0.9194183861330801,
           0.9088490200882067,
           0.7913560203129247,
           0.6133902630178645,
           0.2492779378492259,
           0.3498288026335948,
           0.24015463201901202,
           0.13105243553002616,
           0.5959447922689904,
           -0.10031776672488192,
           -0.24052713525403838,
           0.09657586978069663,
           0.007704117402150847,
           -0.08049899769927017,
           -0.25036397690732354,
           0.0035398864811756027,
           0.1572622034307743,
           -0.007081220137417755,
           0.1551550839059132,
           0.06488221338526001,
           -0.11198392166357686,
           -0.07934332581545,
           -0.08012099944017616,
           -0.03560478573765117,
           -0.0232248455582376,
           -0.07169807843649333,
           -0.038381119963751514
          ],
          [
           -0.1757057965529663,
           0.5113729149601591,
           0.8647997158721311,
           0.260427272306165,
           0.8284255849925102,
           0.8284255849925102,
           0.21623340522672913,
           0.09884186376103679,
           0.7585259285406526,
           0.8200293852809674,
           0.9194183861330801,
           1,
           0.9931354983621545,
           0.84312818834865,
           0.6791799749803749,
           0.23852183002782823,
           0.4092309802555108,
           0.281330857864953,
           0.19925163206640428,
           0.4652285620337313,
           -0.16553010859021625,
           -0.011389796298905993,
           -0.1270749148317941,
           0.24823890293001197,
           -0.17868897217445565,
           -0.03566501787330032,
           -0.15432255908727716,
           0.2727161418106578,
           0.21185088637280275,
           0.17421443832224315,
           -0.20526378557676794,
           0.18773323922351537,
           0.17789661195610582,
           0.1454716834706887,
           0.22803989318019954,
           0.10929342450442936,
           0.15115095757524935,
           0.1491872069921827
          ],
          [
           -0.17080914228169905,
           0.5092681174481231,
           0.8557925698183214,
           0.28074105799566,
           0.8256513828793706,
           0.8256513828793706,
           0.21239329395335088,
           0.10123146542859254,
           0.7537815982343097,
           0.8140950745502573,
           0.9088490200882067,
           0.9931354983621545,
           1,
           0.8576474579662103,
           0.6778722497090316,
           0.2377003629082553,
           0.3967249535146869,
           0.2727049580217026,
           0.21096994801342317,
           0.47208837482719573,
           -0.1467333704067845,
           -0.009489383366427412,
           -0.12132698075960838,
           0.277214544845238,
           -0.16107258678978661,
           -0.03260661112189664,
           -0.1389811960396627,
           0.265013223068059,
           0.20694956014583243,
           0.16944147581645966,
           -0.19089003593717108,
           0.2042454272868217,
           0.18347243733073196,
           0.15033981943312286,
           0.23418734427831892,
           0.13718974464219574,
           0.15512565199231695,
           0.14234116880604186
          ],
          [
           -0.2203854588811854,
           0.5643411481017133,
           0.6737609926470809,
           0.10666365207760438,
           0.7954129793373784,
           0.7954129793373784,
           0.2812132893816336,
           0.197649991849094,
           0.7547275874200867,
           0.7808097532984011,
           0.7913560203129247,
           0.84312818834865,
           0.8576474579662103,
           1,
           0.5527722231954344,
           0.1499851740026563,
           0.3092804057077963,
           0.24209371176686267,
           0.13178024894962043,
           0.5911240094273377,
           0.0706721814393015,
           -0.15385789873329586,
           0.12988881787082115,
           0.49175929402539653,
           0.07336043429734233,
           -0.15663259347081349,
           0.11629709419392767,
           0.024061520885802816,
           -0.055736161581728415,
           -0.100837633786935,
           0.13649696696754332,
           0.051619059518353626,
           0.142999946939373,
           0.04639097215162568,
           0.18448726639023236,
           -0.10802129427755343,
           0.05503216224057745,
           -0.0500337189069804
          ],
          [
           -0.062451422625889055,
           0.5214329782351412,
           0.5729264249442483,
           -0.05381724292124178,
           0.7580462211592165,
           0.7580462211592165,
           0.0819800167300813,
           0.04353644301171008,
           0.6769501054182487,
           0.719870570333477,
           0.6133902630178645,
           0.6791799749803749,
           0.6778722497090316,
           0.5527722231954344,
           1,
           0.24556331898521766,
           0.38442737237482283,
           0.4251850674956651,
           0.17973305565994557,
           0.574171431023398,
           0.15105967056420866,
           0.4997219141607872,
           -0.29841848947431693,
           -0.061971881390475034,
           0.12170967129393612,
           0.5299041933156118,
           -0.055102370179405016,
           -0.17430611469095425,
           0.10907281198891317,
           -0.09964344872851219,
           0.16109896984576025,
           -0.10169401701608394,
           0.023192827732912088,
           0.04508818758256924,
           0.04939805197942302,
           -0.18494259262508161,
           0.036913228908089485,
           0.05760824218532522
          ],
          [
           -0.08697825444761019,
           0.07436538485338845,
           0.30938570994273074,
           0.03295337131475707,
           0.22982660326064328,
           0.22982660326064328,
           0.0619912245742521,
           0.041177867351877485,
           0.2065987749940039,
           0.22897050371198868,
           0.2492779378492259,
           0.23852183002782823,
           0.2377003629082553,
           0.1499851740026563,
           0.24556331898521766,
           1,
           0.18442624973671254,
           -0.11035245678720115,
           -0.018971317674787866,
           0.1048092949038629,
           -0.11134262936286923,
           0.0778240524434922,
           -0.13218153854660877,
           -0.044257282360759174,
           -0.1166287640097158,
           0.06840853029261135,
           -0.12936776520282156,
           0.07799916608462046,
           0.10440448310485578,
           0.033911381598952864,
           -0.008627699832951898,
           0.09417995859448022,
           0.12020643551034678,
           0.10287599269386091,
           0.06872150224168871,
           -0.054027491467245704,
           0.05397011341360047,
           0.11408545465887643
          ],
          [
           -0.11764256003920828,
           0.29956730129030756,
           0.34221412696972536,
           -0.06564089060756848,
           0.4028384618331761,
           0.4028384618331761,
           0.18741435489897754,
           0.06939359169119275,
           0.40023678811572033,
           0.4209935287930736,
           0.3498288026335948,
           0.4092309802555108,
           0.3967249535146869,
           0.3092804057077963,
           0.38442737237482283,
           0.18442624973671254,
           1,
           0.1153782646172145,
           0.11627952294867318,
           0.3355405487735131,
           0.07995337370209833,
           0.017609808871071775,
           0.015529441642973785,
           -0.09774539302357724,
           0.07431924823954134,
           0.022866260024628354,
           0.06073720839935719,
           -0.15021666490041372,
           -0.11592836580935814,
           -0.1256024429951692,
           0.016149016847501824,
           -0.07701663532949436,
           -0.03064395989326085,
           -0.013974810920642315,
           -0.029814735916209086,
           -0.0719538530077557,
           -0.016910397765775884,
           -0.07048751157806386
          ],
          [
           0.01817987879208718,
           0.3102355283622647,
           0.20632495659122688,
           -0.09675363533660558,
           0.3253341850345199,
           0.3253341850345199,
           0.10880069137305108,
           0.0771052669737051,
           0.32587944273681124,
           0.3295099667275736,
           0.24015463201901202,
           0.281330857864953,
           0.2727049580217026,
           0.24209371176686267,
           0.4251850674956651,
           -0.11035245678720115,
           0.1153782646172145,
           1,
           0.07701827568646585,
           0.3898994470013279,
           0.30956856628617424,
           0.17504033743349035,
           0.039821252232820174,
           -0.08091772968954165,
           0.28968352117905455,
           0.20426000074251638,
           0.2015806209362405,
           -0.19837872865860803,
           -0.07851840953722139,
           0.03895956225094771,
           0.05575388039149064,
           -0.11999924688831004,
           -0.18093274357279834,
           -0.27095902627123714,
           -0.16299409978265375,
           0.09117862654642092,
           -0.2618460615302905,
           -0.235277969673879
          ],
          [
           0.047259379048930794,
           0.010282204843851934,
           0.2425846048881731,
           0.1439786936262992,
           0.12582379946473018,
           0.12582379946473018,
           -0.0686133972905653,
           -0.1936374964817368,
           0.09570723158968687,
           0.11526891621885624,
           0.13105243553002616,
           0.19925163206640428,
           0.21096994801342317,
           0.13178024894962043,
           0.17973305565994557,
           -0.018971317674787866,
           0.11627952294867318,
           0.07701827568646585,
           1,
           0.031592699410263034,
           -0.1003484339019048,
           0.12196858885886482,
           -0.15062613660056512,
           0.035803237848651796,
           -0.10911487895776995,
           0.11133023452893492,
           -0.13654171391374542,
           0.09292855726085272,
           0.13416434137279273,
           0.02794397502963982,
           -0.10522051103453894,
           0.08400433841561836,
           0.09964779183197243,
           0.10289754901040282,
           0.12379499678097895,
           0.06318720726517243,
           0.09894025615108656,
           0.11108933409524363
          ],
          [
           -0.027026323763867058,
           0.8382277716563491,
           0.2709836485466774,
           -0.5648774275273084,
           0.7972366170517489,
           0.7972366170517489,
           0.48877881251008437,
           0.36721901613459507,
           0.8650516498911237,
           0.8256282818769961,
           0.5959447922689904,
           0.4652285620337313,
           0.47208837482719573,
           0.5911240094273377,
           0.574171431023398,
           0.1048092949038629,
           0.3355405487735131,
           0.3898994470013279,
           0.031592699410263034,
           1,
           0.6906877056948217,
           -0.23902149802608216,
           0.5833250626156832,
           -0.23268350789146078,
           0.7180861572434329,
           -0.1753543187689795,
           0.7157023976609643,
           -0.6096058873614,
           -0.6122155657140815,
           -0.18660159028445533,
           0.5479846844943574,
           -0.5929715465225949,
           -0.6261131818116945,
           -0.6406288091824535,
           -0.6078272022746957,
           -0.044084868274884934,
           -0.6386969567571569,
           -0.6990684659631792
          ],
          [
           0.18134211093685007,
           0.3766099331300229,
           -0.2785054812187631,
           -0.5563666267990762,
           0.17874979387332016,
           0.17874979387332016,
           0.2426941218742391,
           0.23036138403981626,
           0.2531670702615416,
           0.18906235632653362,
           -0.10031776672488192,
           -0.16553010859021625,
           -0.1467333704067845,
           0.0706721814393015,
           0.15105967056420866,
           -0.11134262936286923,
           0.07995337370209833,
           0.30956856628617424,
           -0.1003484339019048,
           0.6906877056948217,
           1,
           -0.08851072922291893,
           0.6491851356955266,
           -0.22152141391118846,
           0.991566807612581,
           -0.013924321119240279,
           0.917192230099379,
           -0.7752316058889905,
           -0.6547705823489828,
           -0.1367856178602851,
           0.5270669700264022,
           -0.5483807935065617,
           -0.7036349274247871,
           -0.7601398940201854,
           -0.712738976922944,
           0.14818638624351904,
           -0.7644872937099066,
           -0.8673328873847674
          ],
          [
           0.06672931767136606,
           -0.3457293803771754,
           0.09306267554642807,
           0.3867983928907238,
           -0.1402928163719364,
           -0.1402928163719364,
           -0.41779424454663533,
           -0.32482777279937,
           -0.2685347900487425,
           -0.21049428443480486,
           -0.24052713525403838,
           -0.011389796298905993,
           -0.009489383366427412,
           -0.15385789873329586,
           0.4997219141607872,
           0.0778240524434922,
           0.017609808871071775,
           0.17504033743349035,
           0.12196858885886482,
           -0.23902149802608216,
           -0.08851072922291893,
           1,
           -0.7775457931377309,
           0.13223474982038289,
           -0.17411021240246685,
           0.9929830111529745,
           -0.47229236402505836,
           0.10069386846743611,
           0.5971703907958025,
           0.027685105897039746,
           -0.20963916200525012,
           0.3849426587228379,
           0.48323322246410333,
           0.4888735836552852,
           0.4782636982077345,
           -0.07527915818403984,
           0.4715131593703111,
           0.49940839550558397
          ],
          [
           0.016419948397807967,
           0.4797758239076301,
           -0.2617287415596961,
           -0.643851870742039,
           0.18822544708036174,
           0.18822544708036174,
           0.4786731136253015,
           0.3959560554362428,
           0.34268436042345657,
           0.2562071962741986,
           0.09657586978069663,
           -0.1270749148317941,
           -0.12132698075960838,
           0.12988881787082115,
           -0.29841848947431693,
           -0.13218153854660877,
           0.015529441642973785,
           0.039821252232820174,
           -0.15062613660056512,
           0.5833250626156832,
           0.6491851356955266,
           -0.7775457931377309,
           1,
           -0.2524053517309979,
           0.713693951889819,
           -0.7321650439304738,
           0.8871901636938516,
           -0.5505314300946312,
           -0.8368575627888415,
           -0.12658964961270855,
           0.5037336389811531,
           -0.6374519499442156,
           -0.7768151915780359,
           -0.8090970247862973,
           -0.7801596638232838,
           0.09718854861600554,
           -0.7987164061634948,
           -0.87493224428908
          ],
          [
           -0.18956766475800796,
           -0.32380161958998094,
           0.2641320766397099,
           0.6917096185976799,
           -0.08214603802338881,
           -0.08214603802338881,
           -0.214607540073026,
           -0.1540422853838292,
           -0.17549352498015922,
           -0.13155433666361005,
           0.007704117402150847,
           0.24823890293001197,
           0.277214544845238,
           0.49175929402539653,
           -0.061971881390475034,
           -0.044257282360759174,
           -0.09774539302357724,
           -0.08091772968954165,
           0.035803237848651796,
           -0.23268350789146078,
           -0.22152141391118846,
           0.13223474982038289,
           -0.2524053517309979,
           1,
           -0.2702322374361516,
           0.0793756332582787,
           -0.2730954465896243,
           0.4210539211882368,
           0.42656548593031307,
           0.036734151655220836,
           -0.28713735754207753,
           0.6757904652478869,
           0.7254009270251925,
           0.5398473172208774,
           0.745798148966603,
           0.05267182621247613,
           0.5470086916107879,
           0.39818117248495943
          ],
          [
           0.169898857636446,
           0.42824299569429347,
           -0.2978470434405243,
           -0.6351518909957673,
           0.20258017550095628,
           0.20258017550095628,
           0.29649538581860585,
           0.271323211120677,
           0.2941661641483108,
           0.22029468043168485,
           -0.08049899769927017,
           -0.17868897217445565,
